

=== Hot (T=20T0) (T = 20.00T0) ===

Timestep t = 0:
+1 +1 +1 +1 +1 -1 -1 +1
+1 -1 +1 -1 -1 -1 -1 +1
+1 -1 +1 -1 -1 -1 -1 +1
-1 -1 +1 -1 +1 +1 -1 +1
+1 +1 -1 +1 +1 -1 +1 +1
+1 -1 -1 -1 -1 +1 -1 +1
+1 -1 -1 +1 +1 -1 +1 +1
-1 +1 +1 +1 -1 -1 +1 +1

Timestep t = 5:
+1 +1 +1 +1 +1 -1 -1 +1
+1 -1 +1 -1 -1 -1 -1 +1
+1 -1 +1 -1 -1 -1 -1 +1
-1 -1 +1 -1 +1 +1 -1 +1
+1 -1 -1 +1 -1 -1 -1 +1
+1 -1 -1 -1 -1 -1 -1 +1
+1 -1 -1 -1 +1 -1 +1 +1
-1 +1 +1 +1 -1 -1 +1 +1

Timestep t = 10:
+1 +1 +1 +1 +1 -1 -1 +1
+1 -1 +1 -1 -1 -1 -1 +1
+1 -1 +1 -1 -1 -1 -1 +1
-1 -1 -1 -1 +1 +1 -1 +1
+1 -1 -1 +1 -1 +1 +1 +1
+1 -1 -1 -1 -1 -1 -1 +1
+1 -1 -1 -1 +1 -1 +1 +1
-1 +1 +1 -1 -1 +1 +1 +1

Timestep t = 50:
+1 -1 +1 +1 +1 -1 -1 +1
+1 -1 -1 +1 -1 -1 -1 +1
+1 -1 +1 -1 +1 -1 +1 -1
-1 +1 -1 -1 +1 +1 -1 -1
-1 -1 +1 +1 +1 +1 +1 +1
-1 +1 +1 +1 -1 +1 +1 -1
+1 -1 -1 -1 -1 +1 +1 +1
+1 +1 +1 -1 -1 +1 +1 -1

Timestep t = 100:
-1 -1 -1 +1 +1 -1 -1 +1
+1 -1 -1 -1 -1 +1 +1 -1
+1 -1 +1 -1 +1 -1 +1 -1
-1 -1 +1 +1 +1 +1 +1 +1
-1 -1 -1 +1 +1 -1 +1 +1
-1 +1 -1 -1 -1 +1 -1 -1
-1 -1 +1 +1 +1 -1 +1 -1
+1 -1 +1 -1 +1 +1 +1 -1


=== Critical (T=2.27T0) (T = 3.64T0) ===

Timestep t = 0:
-1 -1 -1 -1 +1 +1 +1 +1
-1 -1 -1 +1 +1 +1 +1 -1
-1 -1 -1 +1 +1 +1 +1 +1
+1 -1 -1 +1 -1 -1 -1 +1
+1 -1 -1 -1 -1 -1 -1 -1
+1 +1 -1 +1 +1 -1 -1 -1
+1 +1 +1 +1 -1 -1 +1 +1
-1 +1 -1 +1 +1 +1 +1 -1

Timestep t = 5:
-1 -1 -1 -1 +1 +1 +1 +1
-1 -1 -1 +1 +1 +1 +1 -1
+1 -1 -1 +1 +1 +1 +1 +1
+1 -1 -1 +1 -1 -1 -1 +1
+1 -1 -1 -1 -1 -1 -1 -1
+1 +1 -1 +1 +1 -1 -1 -1
-1 +1 +1 +1 -1 -1 +1 +1
-1 +1 -1 -1 +1 +1 +1 -1

Timestep t = 10:
-1 -1 -1 -1 +1 +1 +1 +1
-1 -1 -1 -1 +1 +1 +1 -1
+1 -1 -1 +1 +1 +1 +1 +1
+1 -1 -1 +1 -1 -1 -1 +1
+1 -1 -1 -1 -1 -1 -1 -1
+1 +1 -1 -1 +1 -1 -1 -1
-1 +1 +1 +1 -1 -1 -1 +1
-1 +1 -1 -1 +1 +1 +1 -1

Timestep t = 50:
-1 -1 -1 +1 +1 +1 +1 -1
-1 -1 -1 -1 +1 +1 +1 -1
+1 -1 -1 -1 +1 -1 -1 +1
+1 +1 -1 -1 +1 -1 -1 -1
+1 +1 -1 -1 +1 -1 -1 -1
+1 +1 +1 +1 +1 -1 -1 +1
+1 +1 +1 +1 +1 +1 +1 +1
+1 +1 -1 -1 +1 +1 +1 +1

Timestep t = 100:
-1 -1 +1 +1 -1 +1 +1 -1
-1 -1 -1 +1 +1 +1 +1 +1
+1 +1 +1 +1 +1 -1 -1 +1
+1 -1 -1 -1 -1 -1 -1 -1
+1 +1 -1 -1 -1 -1 -1 -1
+1 +1 +1 +1 +1 -1 -1 -1
+1 +1 +1 +1 +1 +1 -1 +1
+1 +1 +1 -1 +1 +1 -1 +1


=== Cold (T=1.5T0) (T = 1.50T0) ===

Timestep t = 0:
-1 -1 -1 -1 -1 -1 -1 -1
-1 -1 -1 -1 -1 -1 -1 -1
-1 -1 -1 -1 -1 -1 -1 -1
-1 -1 -1 -1 -1 -1 -1 -1
-1 -1 -1 -1 -1 -1 -1 -1
-1 -1 -1 -1 -1 -1 -1 -1
-1 -1 -1 -1 -1 -1 -1 -1
-1 -1 -1 -1 -1 -1 -1 -1

Timestep t = 5:
-1 -1 -1 -1 -1 -1 -1 -1
-1 -1 -1 -1 -1 -1 -1 -1
-1 -1 -1 -1 -1 -1 -1 -1
-1 -1 -1 -1 -1 -1 -1 -1
-1 -1 -1 -1 -1 -1 -1 -1
-1 -1 -1 -1 -1 -1 -1 -1
-1 -1 -1 -1 -1 -1 -1 -1
-1 -1 -1 -1 -1 -1 -1 -1

Timestep t = 10:
-1 -1 -1 -1 -1 -1 -1 -1
-1 -1 -1 -1 -1 -1 -1 -1
-1 -1 -1 -1 -1 -1 -1 -1
-1 -1 -1 -1 -1 -1 -1 -1
-1 -1 -1 -1 -1 -1 -1 -1
-1 -1 -1 -1 -1 -1 -1 -1
-1 -1 -1 -1 -1 -1 -1 -1
-1 -1 -1 -1 -1 -1 -1 -1

Timestep t = 50:
-1 -1 -1 -1 -1 -1 -1 -1
-1 -1 -1 -1 -1 -1 -1 -1
-1 -1 -1 -1 -1 -1 -1 -1
-1 -1 -1 -1 -1 -1 -1 -1
-1 -1 -1 -1 -1 -1 -1 -1
-1 -1 -1 -1 -1 -1 -1 -1
-1 -1 -1 -1 -1 -1 -1 -1
-1 -1 -1 -1 -1 -1 -1 -1

Timestep t = 100:
-1 -1 -1 -1 -1 -1 -1 -1
-1 -1 -1 -1 -1 -1 -1 -1
-1 -1 -1 -1 -1 -1 -1 -1
-1 -1 -1 -1 -1 -1 -1 -1
-1 -1 -1 -1 -1 -1 -1 -1
-1 -1 -1 -1 -1 -1 +1 -1
-1 -1 -1 -1 -1 -1 -1 -1
-1 -1 -1 -1 -1 -1 -1 -1
